RC2_10_5

VEHICLE
NUMBER     CAPACITY
  25         200

CUSTOMER
CUST NO.  XCOORD.   YCOORD.    DEMAND   READY TIME  DUE DATE   SERVICE   TIME

    0      40.00      50.00        0          0       1236        0
    1      45.00      68.00       10        161        171       10
    2      45.00      70.00        7         50         60       10
    3      42.00      66.00       13        116        126       10
    4      42.00      68.00       19        149        159       10
    5      42.00      65.00       26         34         44       10
    6      40.00      69.00        3         99        109       10
    7      40.00      66.00        5         81         91       10
    8      38.00      68.00        9         95        105       10
    9      38.00      70.00       16         97        107       10
   10      35.00      66.00       16        124        134       10
   11       36.64       45.97       18         250         367       10
   12       43.85       54.63       48         558         640       10
   13       35.52       47.14        6         223         342       10
   14       34.74       49.82       13         733         932       10
   15       31.70       54.60       18           6         106       10
   16       37.31       42.04       10         220         366       10
   17       47.05       55.27       23         352         479       10
   18       44.32       38.49       35         127         283       10
   19       46.98       53.77       41         633         785       10
   20       29.35       44.37        3         677         795       10
   21       42.15       35.30       15         103         260       10
   22       38.01       61.18       24         166         320       10
   23       32.81       59.23       45         699         777       10
   24       34.81       45.75       47         250         351       10
   25       32.52       51.81       41         704         820       10
   26       34.64       37.69       50          57         175       10
   27       45.69       38.26       26         274         350       10
   28       43.50       64.00       46         322         436       10
   29       34.99       42.58       42         469         565       10
   30       39.30       57.43       36         551         678       10
   31       39.83       40.72       38         408         560       10
   32       42.87       64.70       33         505         588       10
   33       40.49       36.40       10         642         742       10
   34       42.41       41.10        5         394         551       10
   35       32.02       44.51       17         566         628       10
   36       37.39       44.43       35         768         896       10
   37       40.98       41.66       19         445         545       10
   38       26.07       54.17       47         269         457       10
   39       40.76       39.95        7         640         776       10
   40       45.49       41.55       13         156         311       10
   41       40.82       39.64       50         543         603       10
   42       31.96       44.24        8         371         509       10
   43       40.49       57.39       37          80         161       10
   44       38.51       36.92       49         545         637       10
   45       46.75       57.04       36         169         296       10
   46       29.10       48.09       14         552         663       10
   47       37.93       41.25       43         665         820       10
   48       30.58       53.86        8         253         370       10
   49       44.79       52.04       36         235         351       10
   50       52.07       50.55        4         234         311       10
   51       51.27       42.39        5         526         646       10
   52       38.25       59.70       35         135         316       10
   53       40.43       59.72       27         194         278       10
   54       47.64       55.33       28         420         599       10
   55       43.63       45.82       42         661         746       10
   56       51.40       54.57        7         254         363       10
   57       43.48       58.82       28         187         318       10
   58       26.63       53.20        5         453         653       10
   59       49.41       56.65       35          15          98       10
   60       52.07       43.98       11         416         600       10
   61       26.45       51.59        4         168         325       10
   62       48.90       50.12       30         292         460       10
   63       35.95       38.38       36         677         861       10
   64       44.49       56.58        4         593         791       10
   65       47.55       53.04        4         598         780       10
   66       26.47       49.76       11          58         248       10
   67       46.01       53.31       39          69         189       10
   68       28.14       58.19       37         252         322       10
   69       33.27       43.73       38         578         771       10
   70       36.92       56.96       43         733         873       10
   71       40.64       58.94       43         660         796       10
   72       26.22       53.79        5           9         186       10
   73       32.30       42.67        7          75         272       10
   74       41.76       57.45       23          70         192       10
   75       35.51       54.81       35         720         857       10
   76       28.64       40.40       42         541         603       10
   77       34.80       40.83       43         106         200       10
   78       38.74       63.84       48         566         665       10
   79       38.45       60.94       46         351         463       10
   80       34.82       37.50       33         500         624       10
   81       51.15       42.46        6         649         817       10
   82       42.60       45.22       22         789         882       10
   83       35.04       44.22       48         452         621       10
   84       34.32       47.72       45         152         351       10
   85       48.47       51.95       36         151         321       10
   86       45.63       55.80        3         366         479       10
   87       35.17       39.38       23         798         962       10
   88       52.33       47.96       16         166         271       10
   89       43.86       46.44       48         340         505       10
   90       44.40       37.09       16         273         373       10
   91       41.41       44.09        3         481         597       10
   92       44.42       63.48       23         312         430       10
   93       41.96       61.43       26         336         467       10
   94       49.66       38.96       18         359         549       10
   95       28.03       58.73       35         339         406       10
   96       51.01       59.75       12         594         721       10
   97       50.65       52.61       23         746         886       10
   98       26.33       55.78        8         394         502       10
   99       39.64       62.08        1         532         729       10
  100       34.43       36.72       48         686         796       10
  101       36.25       54.29       43         338         478       10
  102       36.77       44.66       20         519         658       10
  103       35.88       42.84       45         302         394       10
  104       44.16       60.88       25         693         797       10
  105       34.01       44.68       36           0         137       10
  106       37.86       59.05       38         621         763       10
  107       30.81       52.06       14         523         704       10
  108       43.96       35.95       48         173         254       10
  109       37.55       61.38       40         343         426       10
  110       45.21       38.63       44         317         434       10
  111       42.25       43.93        3         250         431       10
  112       30.29       41.84       30         424         533       10
  113       38.25       41.33       26         249         346       10
  114       37.19       45.80       49         788         875       10
  115       41.28       42.93       45         530         708       10
  116       47.12       52.32        8         467         561       10
  117       43.71       38.93       36         609         750       10
  118       53.23       45.70       40         736         925       10
  119       27.40       56.25       29         162         343       10
  120       28.09       53.86       41         283         476       10
  121       32.64       50.71       29          79         212       10
  122       40.81       58.32       35          82         177       10
  123       45.15       57.17       10         723         837       10
  124       48.35       53.56       35         477         643       10
  125       52.32       55.08       25         788         853       10
  126       47.87       40.08       25         488         549       10
  127       47.47       47.19       25         429         626       10
  128       39.84       39.54       39         225         409       10
  129       41.79       59.19        2         398         544       10
  130       33.67       38.67       47         169         348       10
  131       52.96       42.83       35          27         187       10
  132       30.26       43.65        6         658         827       10
  133       46.33       57.24        4         266         423       10
  134       35.54       58.44       22         779         936       10
  135       37.44       64.28       27         258         338       10
  136       27.73       52.32        4         358         475       10
  137       32.48       39.63       42          41         108       10
  138       46.65       47.82        2         636         735       10
  139       40.70       59.71        8         577         692       10
  140       32.62       51.65       24         171         260       10
  141       41.15       43.46       20         110         176       10
  142       49.70       45.35       25         406         516       10
  143       50.57       55.47       41         248         334       10
  144       37.39       42.42       44         614         704       10
  145       43.05       39.79        3         355         551       10
  146       32.16       53.79       33         663         810       10
  147       49.17       50.73       32         108         278       10
  148       51.01       47.23       30         724         823       10
  149       28.66       54.87       42         276         473       10
  150       41.49       40.47       47         606         734       10
  151       36.73       56.70        6         285         460       10
  152       40.37       59.64       40         684         841       10
  153       34.86       58.51       21         186         370       10
  154       43.06       62.61       22         286         416       10
  155       30.45       46.51       13          87         208       10
  156       38.15       40.29       49         246         427       10
  157       33.97       42.14        2          95         230       10
  158       42.12       61.73       20         679         833       10
  159       29.84       51.72       28         763         963       10
  160       34.15       60.51       18         313         437       10
  161       41.49       62.12       21         122         319       10
  162       51.34       46.38       13         221         404       10
  163       38.19       60.75       49         537         669       10
  164       53.23       48.37       19         232         384       10
  165       42.21       54.64       35         129         259       10
  166       45.32       51.56       19         714         806       10
  167       31.89       40.45        7          12         144       10
  168       30.77       51.80       12          52         176       10
  169       49.11       46.46        5         410         595       10
  170       50.09       55.07        4         155         253       10
  171       45.43       36.56        6         254         344       10
  172       31.44       46.73       39         633         750       10
  173       41.42       41.31       29         304         473       10
  174       36.18       60.54       40         757         842       10
  175       46.70       47.71       14         270         350       10
  176       43.72       55.62        5         160         220       10
  177       30.02       56.47       31         298         366       10
  178       41.40       61.99       45         464         542       10
  179       34.54       36.85       41         603         713       10
  180       30.69       54.73       42         152         280       10
  181       42.65       44.94       11         314         447       10
  182       31.01       53.61       20         716         879       10
  183       49.36       46.47       32         448         528       10
  184       28.66       41.97       48         330         454       10
  185       47.19       51.18       44         589         654       10
  186       51.72       49.97       18         590         660       10
  187       40.56       43.27       34         667         840       10
  188       45.89       46.57       38         446         631       10
  189       49.52       48.13       27         341         483       10
  190       33.47       38.10       22         421         607       10
  191       36.56       64.04       49         563         632       10
  192       32.18       52.28       21         118         281       10
  193       48.76       40.06        1         673         871       10
  194       34.62       51.31       34         370         557       10
  195       31.11       41.07       14         273         473       10
  196       45.36       55.78       45         496         587       10
  197       51.11       52.04       16         726         826       10
  198       38.09       54.77       27          95         212       10
  199       54.11       49.31       30         120         219       10
  200       27.83       50.12       33         722         851       10
  201       31.53       54.98       31         249         425       10
  202       31.62       47.20       39         520         614       10
  203       45.10       44.15       27         348         537       10
  204       39.46       55.00       47         305         490       10
  205       46.27       42.91       31         353         498       10
  206       30.12       46.66       30         329         437       10
  207       47.33       49.11       25         239         404       10
  208       51.98       53.37       46         390         548       10
  209       52.89       49.06       42         155         341       10
  210       46.11       48.63       38         339         424       10
  211       76.62       73.32       34         467         530       10
  212       68.43       71.04       42         158         237       10
  213       55.58       82.80       22         638         799       10
  214       62.04       69.07       44         546         703       10
  215       80.80       76.80       49         499         697       10
  216       75.54       81.27       41         700         833       10
  217       82.47       79.80       28         100         185       10
  218       58.80       84.14        2          47         190       10
  219       72.27       72.40       24         441         538       10
  220       70.33       89.11       44         184         287       10
  221       75.03       89.89       25         634         755       10
  222       59.17       80.16       15         472         597       10
  223       58.71       82.93       30         294         493       10
  224       75.15       87.89       23         601         737       10
  225       64.06       72.92       17         467         604       10
  226       72.78       88.40       31         109         229       10
  227       63.69       85.83       19         716         851       10
  228       83.17       81.83       26         281         343       10
  229       59.14       75.23       48          50         237       10
  230       76.98       67.83       50         235         385       10
  231       71.34       86.77       17         694         789       10
  232       60.28       69.88       42          40         179       10
  233       71.28       74.82       24         749         842       10
  234       76.71       84.27       48         425         529       10
  235       73.91       92.26       24         543         731       10
  236       81.39       73.12       17         493         628       10
  237       69.82       71.61        8         479         558       10
  238       79.29       91.34       44         741         902       10
  239       82.77       77.34       24          92         253       10
  240       80.33       80.91       30         377         504       10
  241       58.60       73.30       24         110         229       10
  242       58.98       82.00       36         335         451       10
  243       63.19       70.91       30         717         854       10
  244       66.35       75.03        3          38         175       10
  245       76.16       79.84       16         550         644       10
  246       63.34       85.61       48         713         911       10
  247       59.15       86.04       10         424         509       10
  248       75.60       70.35       18          33         187       10
  249       71.93       89.25       16         371         456       10
  250       78.61       78.96       42         367         442       10
  251       64.47       84.12        8         465         548       10
  252       64.05       70.26       39          21          93       10
  253       71.70       72.76        9         578         690       10
  254       81.49       85.29       14         600         715       10
  255       72.83       73.24       50         151         211       10
  256       67.47       94.62        9         553         677       10
  257       71.83       74.18        2         134         197       10
  258       61.90       90.02       38         331         395       10
  259       72.53       84.91       48         431         625       10
  260       74.26       83.69       29         796         948       10
  261       63.93       79.49       33         226         297       10
  262       67.99       66.06       43         533         670       10
  263       55.87       83.82        4         490         652       10
  264       64.56       82.72       46         454         532       10
  265       76.63       75.14       10          67         159       10
  266       68.23       91.19       36         729         872       10
  267       61.96       87.47       19         464         653       10
  268       65.28       76.31       45         117         232       10
  269       57.44       85.90       27         347         523       10
  270       60.11       87.31       21         437         577       10
  271       65.55       72.47       10         703         884       10
  272       82.15       85.45        6         442         526       10
  273       69.70       71.28        9         569         644       10
  274       60.91       74.51       22         686         777       10
  275       58.37       87.30       49         433         506       10
  276       80.79       77.83       23         106         295       10
  277       72.68       91.25       15         110         259       10
  278       74.89       72.84       49         285         402       10
  279       74.73       67.41       50         636         702       10
  280       61.03       72.68       45         273         340       10
  281       75.09       90.90       20         347         496       10
  282       83.69       80.53       37         673         835       10
  283       81.24       85.25        2          93         288       10
  284       72.00       88.98       22         161         315       10
  285       66.89       87.63       37         610         691       10
  286       74.87       75.61       49         632         704       10
  287       66.45       73.14       43         434         618       10
  288       62.85       74.30       14         773         964       10
  289       77.02       86.10       19         694         878       10
  290       62.03       78.64       15         404         478       10
  291       78.00       80.39       14         785         880       10
  292       70.70       72.14        8           7         194       10
  293       69.87       73.24       25         545         663       10
  294       56.67       79.98       23          73         234       10
  295       73.50       75.86        2         470         549       10
  296       76.97       71.80       37         414         580       10
  297       67.78       88.77       21         175         352       10
  298       77.00       67.65        6         447         534       10
  299       70.46       90.88       34          80         241       10
  300       78.56       70.95       15         341         444       10
  301       80.05       85.23       34         522         631       10
  302       77.05       75.27       47         660         757       10
  303       70.56       86.44       13         177         276       10
  304       70.74       68.47       12         791         977       10
  305       59.63       82.39       38         459         601       10
  306       77.41       71.51       10         450         527       10
  307       58.90       82.20       18         605         679       10
  308       66.57       84.60       30         462         531       10
  309       82.48       84.66        5         660         743       10
  310       62.45       73.34       30         594         664       10
  311       57.55       84.07       42         192         334       10
  312       62.09       73.86        4         461         547       10
  313       75.00       67.60       46          86         275       10
  314       66.73       75.72       46         448         620       10
  315       59.03       78.33       24         381         513       10
  316       60.31       88.28       44         612         685       10
  317       72.80       68.87        5         337         421       10
  318       61.72       76.84       17         741         839       10
  319       64.58       89.38       10         358         497       10
  320       81.74       77.58       26         132         213       10
  321       66.79       88.16       22         130         324       10
  322       79.74       86.48       33         370         434       10
  323       65.58       85.17       14         349         533       10
  324       75.35       94.01       10          79         214       10
  325       73.36       75.02       50         552         746       10
  326       78.13       81.97       50         632         725       10
  327       64.64       76.25       12         709         811       10
  328       69.02       74.65       24         692         812       10
  329       80.90       77.89       49         766         940       10
  330       70.74       87.35       31         198         352       10
  331       65.34       70.36       29         472         604       10
  332       71.76       70.13       27         165         276       10
  333       72.02       73.94       17          53         236       10
  334       77.42       72.50        7         728         920       10
  335       74.66       73.68       49         164         293       10
  336       60.38       83.17       28          93         209       10
  337       75.63       67.35        2         424         497       10
  338       63.05       85.29       25          83         238       10
  339       71.30       88.08        7         731         876       10
  340       71.64       73.84       19         483         578       10
  341       70.54       70.32       40           5          85       10
  342       77.11       80.85       10         561         756       10
  343       58.69       85.92       16         308         399       10
  344       78.79       82.72       40         468         544       10
  345       80.78       89.01       39         548         612       10
  346       62.74       72.07       46         147         281       10
  347       59.94       84.79       16         584         750       10
  348       74.48       90.79       34         369         446       10
  349       80.00       76.99       33         567         632       10
  350       62.51       86.16       41         396         551       10
  351       69.88       85.16        5         353         474       10
  352       68.79       68.78       50         595         740       10
  353       75.70       86.34       22         658         762       10
  354       75.73       69.63       45         490         596       10
  355       72.12       74.78       50         468         537       10
  356       68.53       85.24       13          42         182       10
  357       79.28       75.87       35         484         608       10
  358       81.17       82.62       19         365         437       10
  359       75.53       73.79        8         376         547       10
  360       79.55       72.04       25         347         454       10
  361       60.03       80.24       34         273         354       10
  362       69.17       74.27       39         184         383       10
  363       68.36       85.80       21         676         811       10
  364       66.17       90.34       28         170         343       10
  365       66.77       84.36       23         629         800       10
  366       67.73       94.62        4          76         239       10
  367       61.50       89.85       44         163         230       10
  368       76.91       88.66       29          35         127       10
  369       81.66       85.24       24         370         528       10
  370       75.06       78.34       10         695         870       10
  371       78.27       77.24       49          78         173       10
  372       61.17       78.35       42         285         408       10
  373       75.10       78.71       12         511         703       10
  374       61.95       86.92       17         793         919       10
  375       67.96       73.15       40         292         477       10
  376       71.96       86.05        5         462         566       10
  377       77.60       74.38        6         698         839       10
  378       64.03       69.48       36         555         689       10
  379       80.48       71.47       46         726         830       10
  380       72.73       70.29        8         205         300       10
  381       70.83       89.91       24         567         721       10
  382       55.48       83.02        9         626         708       10
  383       78.23       83.61       46         736         918       10
  384       57.47       77.96       37          75         167       10
  385       81.25       78.03       29         477         669       10
  386       62.29       91.42       50         564         670       10
  387       70.70       73.75       33          56         147       10
  388       62.01       79.09       11         330         447       10
  389       61.82       91.87       19          80         204       10
  390       74.82       93.74       18         128         265       10
  391       65.53       76.09       42         172         271       10
  392       75.34       89.89       39         345         415       10
  393       72.41       75.30        3         656         783       10
  394       62.63       69.70       27         632         699       10
  395       58.73       80.14       19         657         794       10
  396       57.03       81.40       44         415         551       10
  397       58.62       83.42       11         450         616       10
  398       62.99       80.70       39         147         287       10
  399       75.28       73.74       23         408         501       10
  400       70.68       69.87        7         326         447       10
  401       62.49       81.60       16         144         228       10
  402       83.73       84.52       40         428         551       10
  403       83.64       76.74       21         591         731       10
  404       72.43       86.13       33         478         665       10
  405       77.23       73.13        6         402         591       10
  406       62.86       81.97       38         361         433       10
  407       79.45       83.11       42         688         868       10
  408       68.87       84.95        7         441         535       10
  409       79.08       71.74       49         412         565       10
  410       75.29       81.55       36         199         351       10
  411       14.58       28.12       33         461         661       10
  412       17.24       44.63       44         625         715       10
  413       24.12       34.32       24         347         500       10
  414       20.22       23.01       33         411         599       10
  415       25.22       31.35       46         341         522       10
  416       13.56       29.21       33         143         286       10
  417       27.44       26.58       26         631         767       10
  418       11.62       24.40       33         545         730       10
  419       17.95       22.27        2         377         521       10
  420       13.18       16.86       38         315         381       10
  421       13.72       25.62       42         794         912       10
  422       18.06       19.34       11         536         693       10
  423       27.07       39.45        3         586         674       10
  424       23.42       38.77       27         155         320       10
  425       16.68       21.53       50         626         806       10
  426       28.62       21.14        4         722         817       10
  427        9.46       28.76       43         489         683       10
  428        9.58       40.18       30         545         692       10
  429        8.73       26.63       47         697         824       10
  430       14.67       25.58       16         285         421       10
  431       22.32       44.55       20         789         922       10
  432       16.67       18.57       32         324         506       10
  433       11.66       41.66       47         280         413       10
  434       28.48       38.15       25         404         552       10
  435       32.52       26.33       19          43         176       10
  436       25.56       28.40       29         671         796       10
  437       19.88       22.86       35         277         406       10
  438       27.26       38.47       38         245         367       10
  439       33.34       34.41       15         653         772       10
  440       28.64       32.96       46         483         568       10
  441       17.33       24.21       36         161         325       10
  442       12.09       18.68       31         488         599       10
  443       20.29       22.13       19         661         736       10
  444       24.94       26.78       37         237         433       10
  445       19.04       16.53        3         179         345       10
  446       24.99       25.44        3         406         592       10
  447       24.87       41.50       19          38         100       10
  448       16.70       40.52       22         291         467       10
  449       30.41       29.29       32         137         326       10
  450       13.21       31.38        8         338         439       10
  451       18.64       18.60       46         190         253       10
  452       18.92       17.14       37         690         799       10
  453       26.12       42.10       26         437         628       10
  454       15.76       37.95        7         189         284       10
  455        5.79       32.03        1         267         425       10
  456       21.14       42.49       22         309         371       10
  457       19.38       38.57       16          63         153       10
  458       13.56       31.42       44         514         653       10
  459       15.83       19.40       19         376         492       10
  460       21.22       36.22       10         465         620       10
  461       10.94       35.29       31         775         972       10
  462       24.25       17.45       49         253         333       10
  463        9.85       28.36       24          79         167       10
  464       29.70       33.96       33         207         404       10
  465       24.87       36.70       34         452         541       10
  466       14.84       18.98       32          93         283       10
  467       14.77       31.87        9         525         691       10
  468       14.63       31.50       30         688         826       10
  469       18.50       21.17        1         763         878       10
  470       15.19       27.42       23         717         793       10
  471       14.58       28.57        5         483         551       10
  472       18.43       36.62        9         784         951       10
  473       10.20       39.87       29         386         542       10
  474       32.82       37.07       35         136         285       10
  475       30.97       40.13       26         541         633       10
  476       19.00       22.84        1         774         839       10
  477       29.54       28.70       47         557         725       10
  478        7.03       27.36       16         471         619       10
  479       23.87       35.70       47         783         871       10
  480       31.37       32.33       40         784         848       10
  481       20.33       35.66       39          34         208       10
  482       10.17       23.06        4         250         321       10
  483       14.00       34.23       14         772         846       10
  484       29.51       41.52       15         749         890       10
  485        8.75       24.05       21         242         379       10
  486       30.59       19.58       34         226         391       10
  487       18.25       35.33       38         752         856       10
  488       13.48       23.40       32          48         196       10
  489       30.93       25.80       34         326         492       10
  490       13.29       34.36       12         772         969       10
  491        6.69       32.23       20         724         820       10
  492       24.86       16.71       36         422         588       10
  493       14.07       27.77       16         261         373       10
  494       17.20       35.07       29         379         462       10
  495        7.04       27.05        4         274         430       10
  496       14.91       20.22        5         192         307       10
  497        6.42       31.77       22         310         373       10
  498       21.64       36.70       48         120         302       10
  499       30.27       23.88       46         209         370       10
  500       29.06       24.65       50         289         446       10
  501        8.77       32.42       20         267         419       10
  502       10.06       29.20        7         739         919       10
  503       20.60       21.82       14         379         519       10
  504       10.89       35.47       15         759         856       10
  505       30.48       31.07       38         593         759       10
  506       18.05       36.68       15         388         510       10
  507        8.45       30.05       44         345         470       10
  508       20.83       20.15       47         657         842       10
  509        8.04       33.00       23         173         268       10
  510       18.17       20.29       35         657         732       10
  511        6.76       27.99        5         684         756       10
  512       20.82       20.91       41         236         313       10
  513       18.65       25.09       33         466         621       10
  514       30.57       34.22       40         494         678       10
  515       30.27       31.02       27          12          76       10
  516       12.38       28.58       19          17         205       10
  517       24.54       19.17       12         109         193       10
  518       12.68       28.87       40         539         663       10
  519       23.06       22.96       26          80         235       10
  520       29.28       27.57       16         713         830       10
  521       15.90       42.63        6         669         737       10
  522       27.32       34.87       36         487         561       10
  523       12.15       20.89        6         511         682       10
  524       14.90       23.43        7         540         610       10
  525       21.78       43.90       45         580         761       10
  526       18.12       44.12       44         287         486       10
  527       15.09       27.93       21          16         129       10
  528        9.30       23.49       46         407         486       10
  529       16.76       40.13       37         398         596       10
  530       13.83       40.94        9         705         785       10
  531        5.26       29.93        4         100         271       10
  532       20.64       35.72       39         787         948       10
  533       28.11       28.40       41         279         454       10
  534       11.46       30.50       25         442         549       10
  535       15.04       19.51        6         790         925       10
  536       23.61       18.42        6         274         373       10
  537       10.64       38.79       10         757         916       10
  538       17.53       35.54        1         315         488       10
  539       15.10       35.93        9          89         196       10
  540       10.41       34.44       33         417         503       10
  541       28.42       31.40        6         611         754       10
  542       23.36       26.13       27         397         478       10
  543       18.33       19.54       16         585         778       10
  544       24.26       37.71        9         275         412       10
  545       19.25       36.42       11         445         575       10
  546       11.34       34.68        5         369         493       10
  547       31.47       25.81       32         608         718       10
  548       13.87       31.66        1         405         550       10
  549       24.79       22.62       22         450         595       10
  550        8.00       35.59       42         608         702       10
  551       16.56       40.48       45         205         387       10
  552       14.25       43.47       21         298         483       10
  553       32.56       27.42       21         385         516       10
  554       23.62       21.84        8         577         688       10
  555       11.25       24.27       44         786         986       10
  556       32.10       32.07       46         214         386       10
  557       23.93       17.28        5         418         605       10
  558       25.15       36.16       17         674         773       10
  559       17.21       17.42        5         459         641       10
  560       11.01       24.89       45         428         627       10
  561       34.29       33.36       45         549         630       10
  562       25.78       34.75       43         363         465       10
  563       16.72       25.66       42         693         855       10
  564       28.14       28.28       28         108         170       10
  565       25.88       34.19       48         531         647       10
  566       11.60       32.98       50         695         883       10
  567       28.75       42.16       31         107         242       10
  568        7.37       37.36        8         747         843       10
  569       15.12       36.87       14         533         716       10
  570       16.54       34.87       47         713         888       10
  571       16.64       37.26       46         117         182       10
  572       26.70       20.68       44         168         290       10
  573        9.53       28.94       22         573         742       10
  574       27.07       28.11       26         644         751       10
  575       24.50       40.66       26          29         139       10
  576       11.17       32.90        1         721         835       10
  577       23.43       42.04        5         591         677       10
  578       23.17       20.13       24         333         443       10
  579       12.65       32.01       32         540         680       10
  580       10.89       23.64       38         116         265       10
  581       14.27       37.68       12         689         825       10
  582       29.51       24.67       44         137         277       10
  583       25.94       35.43       12         382         478       10
  584       10.84       29.38        9         588         746       10
  585       11.26       34.59       35         710         814       10
  586       10.69       26.65        9         191         331       10
  587       26.12       20.62       23           9         193       10
  588       28.60       39.95       36         517         703       10
  589       11.66       35.36       46         454         639       10
  590       25.29       39.25       49         225         359       10
  591       27.10       31.48       19         172         349       10
  592        8.34       24.90       32         562         752       10
  593       24.65       34.01       50         556         709       10
  594        7.87       26.72       49         736         908       10
  595        5.73       25.72        7         753         876       10
  596       15.57       44.32       29         269         418       10
  597       23.80       25.53        8         794         914       10
  598       23.09       41.98       45         359         528       10
  599       23.22       35.52       14         211         286       10
  600       10.66       25.60       39         551         654       10
  601       14.62       40.77       19         586         714       10
  602       29.69       27.01       44          97         191       10
  603       32.51       27.02        4         283         375       10
  604       18.10       23.97       10         728         870       10
  605       25.97       18.89       44         402         587       10
  606       27.10       38.82       41         424         580       10
  607        9.18       33.37       50          95         258       10
  608       12.26       29.24       24         465         649       10
  609       17.65       34.44       50         750         833       10
  610       18.85       20.48       43         714         865       10
  611       87.62        9.52       26         223         392       10
  612       84.51       11.13       21         290         436       10
  613       73.97       18.15       32         351         423       10
  614       90.80       23.21       30          16         107       10
  615       85.94       17.18       30           0         169       10
  616       83.51       31.36        9         665         802       10
  617       87.75       32.05       18          95         247       10
  618       79.98       28.72       42         169         242       10
  619       73.59       24.88       45         773         892       10
  620       74.66       22.54        7           1         115       10
  621       73.74       20.92       15         531         704       10
  622       91.94       20.70        8         432         525       10
  623       72.78       21.02        6         748         834       10
  624       86.91       25.24       20         140         297       10
  625       81.84        7.60        9         656         752       10
  626       89.67       24.43       40         665         767       10
  627       68.63       24.49       41         766         864       10
  628       89.78       14.62       29         222         304       10
  629       85.10       16.13        8         603         761       10
  630       74.46       27.47        9         253         383       10
  631       75.40       14.10       39         614         746       10
  632       82.15        8.29       43         308         420       10
  633       69.97       18.88       48         401         536       10
  634       72.21        9.80       16         506         664       10
  635       87.59       26.50       39          72         267       10
  636       83.92       16.70       24         324         417       10
  637       69.85       28.74       27         374         573       10
  638       74.84        8.48       50          74         138       10
  639       75.62       17.32       14          40         115       10
  640       88.52       17.15       19         643         831       10
  641       80.99       10.82       26          84         281       10
  642       73.66       18.47        6         317         397       10
  643       72.99       19.50       10         549         692       10
  644       71.23       27.19       42         697         773       10
  645       76.54       28.71       16          59         181       10
  646       88.01       24.82       30         626         700       10
  647       75.48       31.57       48         179         269       10
  648       86.35       20.51        1         167         354       10
  649       89.79       17.02       47         265         367       10
  650       71.34       29.01       18         750         840       10
  651       80.71       14.75       28         278         472       10
  652       91.16       24.74       37         642         721       10
  653       69.90       20.24        4         511         613       10
  654       74.91       25.58        7         587         676       10
  655       81.36       30.00        3          12         134       10
  656       88.28       22.46       10         183         252       10
  657       66.63       15.39       48         671         838       10
  658       81.19       27.39       47         327         456       10
  659       84.92       10.48        8         514         587       10
  660       85.60       31.78        3         410         487       10
  661       89.78       10.46       50         318         461       10
  662       88.19       24.94       24         205         339       10
  663       72.60       16.86       40         248         426       10
  664       70.04       30.84       50         794         904       10
  665       78.85        9.60       16         154         215       10
  666       84.77       17.84       35         354         416       10
  667       84.78       18.48       43         385         523       10
  668       88.18       26.26       16         429         614       10
  669       94.29       16.44       10         728         859       10
  670       91.85       27.84       34         422         577       10
  671       67.94       23.22       38          97         286       10
  672       88.82       29.82        5         606         681       10
  673       66.56       25.82       16         298         424       10
  674       88.45        8.51       26         717         860       10
  675       76.80       27.02        5         207         301       10
  676       82.03        9.34       10         108         210       10
  677       72.26       22.54        8         548         699       10
  678       86.90       18.44       20         474         601       10
  679       83.54       15.28       44         311         381       10
  680       82.96       33.24       10          93         216       10
  681       88.79       18.23        4         693         829       10
  682       79.05       34.88        2         414         589       10
  683       70.14       16.38        7         473         559       10
  684       82.13       13.97        1          63         179       10
  685       89.02       29.69       24         702         783       10
  686       73.40       16.25        5          22          98       10
  687       83.69       30.85        9          94         238       10
  688       90.36       30.04        4         172         342       10
  689       83.90       11.94        2         391         560       10
  690       83.33       26.32       12         281         412       10
  691       73.88       22.16       40         634         756       10
  692       73.99       12.02       36         490         565       10
  693       87.52       24.62       27         204         398       10
  694       80.08       34.94       35          19         176       10
  695       81.71       11.58       35         800         984       10
  696       74.06       28.85       21         397         526       10
  697       83.50       27.41       15          30         161       10
  698       93.92       25.37       34         366         485       10
  699       85.92       19.02       43         246         374       10
  700       67.38       17.29       48          57         173       10
  701       66.82       13.21       25         363         467       10
  702       84.89       29.77       48         714         865       10
  703       84.53       17.28       45         360         456       10
  704       73.65       17.34       32         555         694       10
  705       82.43       24.80        4         238         354       10
  706       89.70       21.22       22         628         739       10
  707       82.92       12.12       12         331         406       10
  708       90.76       21.49       10         792         880       10
  709       87.75        8.82        5         382         543       10
  710       72.83       15.70       21         139         239       10
  711       78.96       10.69       41         498         639       10
  712       86.73       33.05       45         628         779       10
  713       81.82       30.74       12         387         525       10
  714       79.20       12.09       12         746         806       10
  715       93.74       15.42       26         789         857       10
  716       83.39       27.45       40         226         312       10
  717       85.91       17.52       48          79         199       10
  718       75.32       26.73       41          90         235       10
  719       72.77       22.52       16         709         786       10
  720       72.40       30.39       47           1          73       10
  721       70.71       28.10       11         423         609       10
  722       86.27       14.24       25         103         285       10
  723       82.60        9.54       49         703         820       10
  724       82.99       24.89        3         301         366       10
  725       73.93       33.18        5         350         453       10
  726       85.04       15.72        5         560         643       10
  727       72.20       32.64       31         721         788       10
  728       69.52       24.82       39         444         544       10
  729       87.84       22.74       13         419         617       10
  730       79.25       27.78       16          98         170       10
  731       71.79       26.54       32         157         230       10
  732       74.05       27.12       19         677         859       10
  733       81.63       25.00       11         653         787       10
  734       89.63       18.60        8         315         476       10
  735       66.28       22.53       17          93         292       10
  736       73.38       25.66       25         378         485       10
  737       72.81       22.55       30         269         386       10
  738       85.54       10.91       10         770         854       10
  739       87.24       24.33       35         423         541       10
  740       67.35       15.57       34         428         625       10
  741       74.47        6.74       37         241         422       10
  742       77.30       28.53       46          35         223       10
  743       70.83       15.60       37         693         790       10
  744       89.15       28.62       12         171         285       10
  745       82.25       14.16       28          80         251       10
  746       83.93       32.63       10         609         735       10
  747       74.79       31.11        5          89         248       10
  748       70.13       16.35       18         532         709       10
  749       84.45       17.45       45         638         831       10
  750       81.21       14.00       10         151         236       10
  751       89.47       15.17        7         292         489       10
  752       90.05       10.58       17         392         576       10
  753       71.25       15.75       12         282         445       10
  754       86.86       28.71       45         411         480       10
  755       69.06       28.40       45         243         315       10
  756       79.62        5.80       24          20         166       10
  757       83.30       12.68       18         503         588       10
  758       87.17       18.75       20         761         934       10
  759       81.23       11.88       47         426         508       10
  760       82.70       26.58       27         758         942       10
  761       80.82        6.35        4         527         627       10
  762       91.08       24.85       26         138         332       10
  763       83.84       16.36       13         205         279       10
  764       80.03       29.56       24         721         831       10
  765       78.01       33.09       33         406         497       10
  766       76.89       13.26       32         608         782       10
  767       86.02       32.31       38         564         713       10
  768       72.53       31.10       17         766         849       10
  769       78.06       28.65       11         585         699       10
  770       87.15       11.03       44         211         339       10
  771       74.13       11.74       50         785         847       10
  772       73.76       21.02       12         615         677       10
  773       81.82       30.93       20         729         859       10
  774       72.22       24.04       23         470         594       10
  775       81.59       27.86       34         638         799       10
  776       75.62       17.43       43         383         515       10
  777       78.18       25.80        5         344         474       10
  778       71.36        9.48       17         671         807       10
  779       83.84       29.42       16          58         221       10
  780       73.71       10.01       47          26         213       10
  781       87.59       19.88       27         414         573       10
  782       79.10        9.21       37         194         341       10
  783       78.94       12.85       35         653         834       10
  784       89.76       13.51       33         307         410       10
  785       87.42        8.41       12         300         384       10
  786       67.80       22.27       47         572         678       10
  787       93.22       15.42       42          91         207       10
  788       72.36       29.82       20         430         574       10
  789       72.49       27.83       30         120         300       10
  790       90.70       23.75       38         635         713       10
  791       73.16       21.21        8         697         854       10
  792       71.03       18.30       10         140         251       10
  793       71.82       32.42       30         146         286       10
  794       84.42       14.82        6         499         644       10
  795       75.40       15.04       41          59         120       10
  796       73.23       22.10       50         172         272       10
  797       67.39       20.83        6         132         303       10
  798       73.96       13.28       31         392         453       10
  799       86.80       21.64       24          14         156       10
  800       80.44        9.70        2         692         753       10
  801       74.76       14.65       45         352         491       10
  802       86.09       26.40       38         313         415       10
  803       85.00       22.18       19         466         659       10
  804       73.11       15.23       44         137         284       10
  805       89.90       19.76       49         192         294       10
  806       93.43       15.46       26          19         137       10
  807       82.39       34.66       14         751         816       10
  808       74.34       16.43       24         728         797       10
  809       71.93       28.05       50         547         619       10
  810       75.45       16.95        7         669         734       10
  811       15.88       71.84       29         389         480       10
  812        0.68       67.15       10         210         272       10
  813        6.33       81.02       43         532         661       10
  814        1.39       61.63       27         107         297       10
  815        8.80       63.94        8         108         295       10
  816       12.22       76.64       17         535         646       10
  817        4.29       77.08       11          40         240       10
  818        2.92       70.16       31         338         458       10
  819       21.71       70.20        8         587         773       10
  820       13.49       74.76       33          76         161       10
  821       19.46       63.55       30         303         430       10
  822        4.15       71.34       12          40         174       10
  823        2.49       79.06       28         756         845       10
  824       20.41       77.07        3           9         104       10
  825        6.53       64.26       23         448         576       10
  826       14.28       65.90       22         187         276       10
  827       -1.87       78.54       18         394         576       10
  828       13.54       59.07       11         115         208       10
  829        8.15       64.73       11         106         272       10
  830       18.34       64.80       37         694         866       10
  831       13.68       77.99       23         626         693       10
  832       18.97       59.51       47         133         316       10
  833       15.38       67.06       27         451         522       10
  834       20.65       74.48        1         721         915       10
  835       11.18       59.30       37         229         375       10
  836       -1.80       68.58       40          97         267       10
  837        6.06       63.64       23         679         837       10
  838       17.89       80.66       40          55         117       10
  839        5.92       64.85       31         507         609       10
  840       18.84       74.49       16         338         469       10
  841       16.87       72.25       42         387         550       10
  842       12.37       64.72       29         586         760       10
  843       18.50       75.24       21         121         308       10
  844        9.85       64.82       26         422         491       10
  845        5.32       68.24        6         618         755       10
  846       18.19       63.23       42         687         863       10
  847       18.22       67.35        4         228         404       10
  848        3.76       81.03       39         484         637       10
  849        8.69       64.00       49         674         790       10
  850       18.55       70.12       41         298         498       10
  851       -1.91       68.34        3         168         354       10
  852       17.73       79.40       47         419         506       10
  853        9.81       76.96        8         402         517       10
  854       -2.35       73.42       46         346         433       10
  855       10.25       64.54       41         688         779       10
  856       11.32       60.59       43         603         792       10
  857       16.62       77.48       34         753         825       10
  858        1.19       66.94       38         494         684       10
  859       12.74       56.17       45         592         696       10
  860        9.23       63.76       25         673         815       10
  861        1.16       69.77       39         709         832       10
  862        7.84       84.48       19         463         557       10
  863       17.12       78.41       48         524         660       10
  864       15.78       61.26       21         728         843       10
  865       13.41       80.71       19         703         851       10
  866       15.57       66.99       46         665         770       10
  867       -1.94       69.71       21         727         816       10
  868       10.72       59.40       38         584         750       10
  869        3.61       57.61       35         292         460       10
  870       13.66       60.45        2         390         487       10
  871       15.26       71.82       18         768         869       10
  872       21.77       68.78       10          63         198       10
  873       12.97       79.98       23         463         549       10
  874        1.24       62.16       36         229         388       10
  875       11.00       82.80       45         294         366       10
  876       17.95       66.04       44         320         393       10
  877       17.49       70.61       40         799         972       10
  878       16.80       57.63       46         726         880       10
  879       10.34       59.54       39         201         310       10
  880        8.14       76.51       44          76         183       10
  881       22.01       67.11        8         386         456       10
  882        0.48       74.59        9         164         289       10
  883       19.66       70.34       10          40         139       10
  884       19.88       65.24       50         640         777       10
  885       -0.71       70.64       23          74         215       10
  886       -4.38       67.69       34          69         258       10
  887       15.62       78.78       26          94         243       10
  888       11.28       77.02       22         339         491       10
  889        6.08       83.96       40         543         724       10
  890       23.23       69.72       42           9          98       10
  891        5.39       61.74       42         628         750       10
  892       21.43       66.98       21         390         479       10
  893        2.16       76.84       19          25         217       10
  894       13.83       62.13       33         456         640       10
  895       23.46       73.80       13         328         519       10
  896       15.18       72.95       50         550         746       10
  897       15.65       70.26       43         644         758       10
  898       16.11       63.07        7         210         407       10
  899       16.55       57.87       48         793         964       10
  900        1.29       58.54       48         702         801       10
  901       22.03       71.81        3          89         167       10
  902       22.20       74.33       36          72         190       10
  903       17.69       65.18       29         645         808       10
  904        5.28       72.11       44         121         317       10
  905       22.19       70.45        5         774         845       10
  906        8.26       64.54       33         108         242       10
  907       11.84       62.20        6         288         460       10
  908        0.28       78.96        2         485         585       10
  909        3.78       68.67       26         558         693       10
  910       16.24       68.40       44         746         901       10
  911       14.93       68.65       36         144         235       10
  912       20.36       72.78       26         550         750       10
  913       17.60       67.37       48         759         907       10
  914       13.35       83.65       33         145         246       10
  915       14.50       80.22       17         198         287       10
  916       15.43       81.81        4         769         969       10
  917       -0.19       72.53       19         687         764       10
  918        9.97       76.97       38         498         642       10
  919        2.70       79.16       16         102         234       10
  920       -0.24       60.45       21         497         672       10
  921        4.52       80.22       45         598         697       10
  922        2.08       66.54       21         438         541       10
  923       17.46       70.23       15         729         900       10
  924        8.57       78.47       44         750         894       10
  925       16.93       63.32       23         793         931       10
  926        3.93       70.50       42         621         701       10
  927       17.41       58.61        9         551         661       10
  928        8.85       83.82        5         744         823       10
  929       20.51       61.54       41          31         194       10
  930       10.86       62.92        3         564         690       10
  931       -4.43       65.96       31         669         767       10
  932        5.19       75.40       50         603         737       10
  933       16.67       77.46        6         406         559       10
  934       -1.63       69.84       40         700         802       10
  935       10.29       63.60       11         183         280       10
  936        9.13       60.20       23          41         157       10
  937       10.53       62.70       17         378         497       10
  938       16.81       71.88       24         397         577       10
  939       22.02       63.19        3         664         806       10
  940       21.70       78.87       41         280         407       10
  941        0.58       64.93       25         669         825       10
  942        2.36       78.64        5         529         653       10
  943       -0.03       79.87       34         415         565       10
  944       13.46       62.29       31         618         679       10
  945        3.61       69.93       11         235         314       10
  946        2.22       69.29       10         191         291       10
  947        2.11       79.27        8         676         794       10
  948        2.86       74.24        8         493         675       10
  949       -0.81       71.43       42         420         485       10
  950       10.25       76.27       38         164         258       10
  951        6.30       66.08       37         150         224       10
  952       17.14       82.30       34         415         479       10
  953       18.87       61.51       19          87         202       10
  954       -4.17       74.68       31         174         290       10
  955       15.33       60.37       38         785         891       10
  956        2.77       62.93       11         741         888       10
  957       19.69       64.86        5         235         391       10
  958        5.42       74.01       13         535         724       10
  959        4.68       57.85       39          98         203       10
  960       -1.02       71.68        3         544         732       10
  961       10.09       64.07       43         133         331       10
  962       16.54       57.65       50         694         864       10
  963        1.38       68.80        3         714         909       10
  964       -2.97       76.21       31         787         944       10
  965        2.30       80.53       49         713         798       10
  966        3.27       73.40       50         238         319       10
  967        7.14       83.47       27         263         371       10
  968       22.43       70.43        1         591         784       10
  969       13.74       73.42       42         210         350       10
  970        4.90       73.29       28         667         791       10
  971        9.26       80.33       37         374         504       10
  972       18.96       69.54       14         423         606       10
  973       14.59       79.55       31         259         397       10
  974       -1.26       64.03       26         753         848       10
  975       17.11       60.84       48         235         409       10
  976       12.99       55.82        7         219         409       10
  977        3.20       74.90       36         628         701       10
  978       17.79       82.40        1          93         190       10
  979       -0.83       71.95        6          65         192       10
  980       11.02       75.71        3         741         899       10
  981       18.17       66.20       42         533         666       10
  982        7.38       59.34       50         179         365       10
  983        3.49       72.63       43         530         663       10
  984       14.37       82.07       33         528         647       10
  985        1.20       62.23       24         244         304       10
  986       15.80       69.11       18         798         960       10
  987        4.60       77.14       38         205         397       10
  988       21.98       71.16        6         562         694       10
  989        8.42       59.53       38         356         504       10
  990       17.56       68.22       39         199         375       10
  991       19.72       65.41       17         179         343       10
  992       -0.58       69.59       33         301         448       10
  993       22.31       65.74       17         550         674       10
  994        4.96       56.23       37         495         617       10
  995       10.69       55.40       30         697         874       10
  996       20.84       61.76       31         119         245       10
  997       20.33       74.67       15         693         811       10
  998       12.83       61.33       23         528         725       10
  999       23.30       70.81       16         294         377       10
 1000       -0.05       77.41       22          77         182       10